0,849,0,139,-25,-7,0,20
1,844,0,139,-25,-7,-1,20
2,843,0,138,-24,-8,-1,20
3,845,0,139,-25,-8,-1,20
4,845,0,138,-23,-10,0,20
5,843,0,141,-24,-7,0,21
6,842,0,139,-25,-9,0,20
7,843,0,139,-24,-7,0,20
8,845,1,138,-23,-7,0,20
9,843,1,139,-24,-9,-1,21
10,845,1,138,-23,-6,0,20
11,844,0,138,-23,-9,-1,20
12,843,0,139,-25,-7,-1,20
13,845,0,139,-23,-7,0,20
14,844,0,139,-24,-11,0,20
15,844,0,139,-24,-7,-1,21
16,833,0,139,-24,-8,0,21
17,843,0,139,-25,-8,0,20
18,842,0,140,-24,-7,0,21
19,843,0,140,-24,-8,-1,20
20,845,0,138,-23,-6,0,20
21,843,0,138,-23,-6,0,21
22,843,0,139,-24,-9,-1,21
23,831,1,138,-25,-7,0,21
24,844,0,138,-22,-10,0,20
25,843,0,138,-24,-8,-1,20
26,842,0,138,-24,-6,-1,20
27,845,0,139,-24,-7,-1,21
28,844,1,138,-25,-8,0,20
29,843,0,139,-24,-8,-1,20
30,844,0,139,-24,-8,0,20
31,845,0,140,-22,-8,-1,20
32,843,0,139,-25,-7,-1,20
33,843,0,139,-23,-9,0,20
34,843,0,137,-25,-7,0,20
35,844,1,138,-24,-7,0,21
36,844,0,138,-23,-10,0,20
37,842,1,139,-24,-9,0,20
38,844,0,139,-25,-7,-1,21
39,845,0,138,-23,-7,0,20
40,833,0,139,-25,-8,0,20
41,843,0,138,-24,-7,-1,20
42,842,0,139,-25,-8,-1,20
43,844,0,139,-25,-7,0,20
44,842,0,140,-23,-7,0,20
45,845,0,139,-25,-7,0,20
46,845,0,139,-25,-7,-1,21
47,845,-1,139,-25,-8,-1,20
48,845,1,139,-24,-6,0,20
49,842,0,139,-24,-9,0,20
50,842,0,138,-23,-7,0,20
51,844,0,139,-23,-9,-1,20
52,843,0,138,-24,-9,0,21
53,844,0,138,-25,-7,-1,20
54,844,0,139,-25,-7,0,20
55,844,0,139,-24,-7,0,20
56,844,0,139,-24,-7,0,20
57,842,0,139,-25,-8,0,20
58,842,0,139,-24,-7,-1,20
59,844,1,138,-25,-8,0,20
60,844,0,138,-26,-8,0,21
61,844,0,138,-24,-8,-1,20
62,844,0,139,-24,-8,0,20
63,843,-1,139,-25,-9,0,20
64,843,0,138,-25,-8,0,20
65,842,0,138,-24,-8,0,20
66,842,0,138,-25,-8,-1,20
67,842,0,139,-25,-9,-1,20
68,843,0,139,-23,-9,0,20
69,843,0,138,-24,-8,0,21
70,844,0,138,-23,-7,0,20
71,841,1,138,-25,-8,-1,20
72,844,-1,140,-24,-7,-1,20
73,844,1,139,-24,-8,-1,20
74,842,0,139,-24,-8,0,21
75,844,0,138,-24,-5,0,20
76,844,0,138,-23,-7,0,21
77,841,0,137,-24,-8,0,20
78,844,0,137,-22,-8,0,20
79,844,0,138,-23,-7,0,20
80,844,0,138,-24,-8,-1,20
81,844,-1,138,-26,-6,0,20
82,844,0,139,-25,-5,-1,20
83,830,0,138,-24,-7,0,20
84,842,0,139,-25,-7,-1,21
85,842,-1,139,-23,-8,0,21
86,843,0,138,-22,-7,0,20
87,842,0,139,-24,-6,-1,20
88,844,0,139,-25,-7,0,20
89,842,-1,139,-25,-8,-1,20
90,844,0,140,-25,-7,0,20
91,842,0,137,-23,-7,-1,21
92,843,0,137,-24,-8,-1,20
93,844,1,137,-24,-8,0,20
94,842,0,138,-23,-6,-1,20
95,844,0,139,-24,-6,-1,21
96,841,0,138,-26,-8,-1,20
97,844,-1,139,-24,-9,0,20
98,844,1,140,-24,-7,-1,20
99,843,-2,139,-23,-7,-1,20
100,844,0,139,-24,-8,0,20
101,844,-1,139,-22,-7,-1,20
102,843,0,139,-25,-7,-1,20
103,842,0,138,-24,-7,0,20
104,844,0,138,-25,-9,0,20
105,840,0,138,-23,-8,0,20
106,841,0,138,-24,-8,-1,20
107,844,0,139,-24,-7,-1,21
108,843,0,139,-24,-6,-1,20
109,844,-1,139,-24,-6,0,20
110,844,0,138,-25,-7,0,20
111,843,0,140,-23,-8,0,20
112,843,0,137,-24,-8,0,21
113,841,0,139,-22,-7,-1,21
114,843,0,139,-23,-7,0,20
115,844,0,138,-25,-8,0,21
116,844,0,138,-24,-9,-1,20
117,842,1,139,-25,-6,-1,21
118,842,-1,139,-24,-8,-1,21
119,843,0,139,-26,-8,-1,20
120,842,0,139,-23,-8,0,20
121,843,0,140,-24,-9,-1,20
122,842,0,139,-25,-6,-1,20
123,842,0,139,-24,-7,0,20
124,843,0,139,-25,-10,-1,20
125,844,0,138,-24,-7,0,21
126,844,0,140,-24,-9,0,20
127,840,0,140,-26,-7,0,20
128,844,1,138,-25,-7,0,20
129,842,0,137,-23,-7,0,20
130,842,0,137,-24,-7,-1,20
131,842,0,138,-24,-8,-1,20
132,843,0,139,-25,-8,-1,20
133,844,0,139,-22,-7,-1,20
134,841,1,139,-24,-9,0,21
135,842,0,139,-23,-8,-1,20
136,832,0,138,-24,-8,0,21
137,841,0,139,-25,-7,-1,20
138,842,0,138,-25,-8,0,20
139,843,1,139,-24,-7,-1,20
140,843,0,138,-25,-7,-1,20
141,843,0,139,-22,-8,0,20
142,842,-1,138,-23,-9,0,20
143,831,0,139,-23,-7,0,20
144,841,0,138,-23,-8,0,20
145,843,0,138,-25,-7,-1,20
146,842,0,139,-25,-6,-1,20
147,841,0,138,-23,-9,0,20
148,843,0,139,-24,-7,-1,20
149,841,0,139,-26,-9,-1,20
150,843,0,139,-23,-8,0,20
151,842,0,139,-24,-7,-1,20
152,840,0,139,-23,-8,-1,20
153,843,0,140,-26,-5,0,21
154,843,0,139,-25,-6,-1,20
155,832,0,137,-24,-9,0,20
156,840,0,140,-26,-8,0,20
157,843,0,138,-25,-11,0,20
158,841,0,140,-24,-8,0,20
159,841,0,139,-25,-7,-1,20
160,841,0,138,-26,-7,-1,21
161,843,0,138,-25,-5,-1,20
162,843,0,138,-22,-7,0,20
163,843,0,137,-24,-9,0,21
164,842,-1,139,-24,-8,0,20
165,843,0,139,-24,-6,-1,20
166,843,0,139,-25,-7,0,20
167,841,0,138,-23,-9,0,21
168,838,0,139,-26,-9,0,21
169,843,0,139,-25,-6,0,20
170,841,0,137,-25,-8,-1,21
171,843,0,140,-23,-10,-1,20
172,842,0,139,-24,-8,-1,20
173,841,0,139,-23,-8,-1,20
174,843,0,138,-23,-7,0,20
175,843,0,139,-24,-8,0,20
176,840,0,139,-24,-7,0,20
177,843,0,139,-24,-7,-1,21
178,841,0,138,-24,-7,0,20
179,843,0,138,-26,-8,0,20
180,842,0,140,-24,-7,-1,21
181,841,0,139,-25,-8,0,20
182,841,1,139,-24,-8,0,20
183,843,-1,139,-25,-8,-1,20
184,841,0,138,-25,-5,0,20
185,840,0,139,-24,-8,-1,20
186,843,-1,138,-25,-9,-1,20
187,839,0,139,-25,-7,0,20
188,841,0,138,-23,-6,0,20
189,843,0,139,-25,-7,0,21
190,842,0,139,-23,-7,-1,20
191,841,0,138,-25,-8,0,20
192,843,0,139,-25,-7,0,21
193,843,0,138,-24,-8,0,20
194,842,0,138,-25,-8,0,20
195,842,0,139,-24,-7,0,20
196,843,0,138,-23,-8,0,21
197,841,0,138,-26,-7,0,20
198,843,0,138,-24,-8,-1,20
199,842,0,140,-25,-8,-1,20
200,841,0,138,-24,-8,0,20
201,843,0,138,-24,-8,-1,20
202,842,0,138,-25,-7,0,20
203,841,0,139,-24,-8,-1,20
204,843,0,140,-25,-8,0,20
205,831,0,140,-24,-7,-1,20
206,830,0,139,-25,-7,0,20
207,843,0,139,-24,-7,0,21
208,841,0,137,-25,-7,0,21
209,843,0,139,-23,-8,-1,21
210,841,0,139,-23,-7,-1,20
211,843,0,139,-24,-8,0,20
212,842,0,140,-24,-8,0,20
213,841,0,138,-24,-7,0,21
214,843,0,139,-24,-8,-1,21
215,842,0,139,-24,-7,-1,20
216,843,0,139,-23,-7,0,21
217,840,0,139,-25,-8,-1,20
218,841,0,139,-24,-7,0,21
219,840,0,138,-23,-7,-1,20
220,843,0,139,-25,-8,-1,20
221,843,0,139,-24,-7,0,20
222,843,0,139,-24,-8,-1,20
223,842,0,139,-26,-7,-1,20
224,841,0,138,-24,-7,0,20
225,843,0,139,-25,-7,0,20
226,843,1,138,-25,-7,-1,20
227,829,0,138,-23,-8,0,20
228,843,0,139,-24,-8,0,20
229,843,0,140,-23,-7,-1,20
230,845,30,116,-15,100,-159,20
231,847,-4,83,-29,-207,-158,20
232,852,1,138,-29,-54,191,21
233,857,-17,50,11,327,-83,20
234,850,-38,122,-45,-119,56,21
235,815,-23,110,-22,-60,124,20
236,725,-3,131,-22,-10,14,21
237,838,4,118,-85,28,-73,21
238,809,-21,125,-65,-98,-102,21
239,692,-104,134,-74,139,11,20
240,865,10,191,-90,-5,159,21
241,843,-8,117,-82,-22,13,20
242,856,-78,-92,-193,-327,-327,21
243,852,-131,81,210,8,327,20
244,850,-327,83,131,327,-110,20
245,853,-205,-55,25,-265,-20,21
246,853,-180,-99,125,34,327,20
247,853,91,32,0,-293,-327,20
248,853,-105,-32,-35,327,327,20
249,851,-220,-44,96,-154,-327,20
250,846,-327,-64,60,140,-327,20
251,834,-281,184,275,-327,238,20
252,845,-263,-65,43,327,-327,20
253,847,-9,-92,-104,-106,-327,20
254,847,122,-58,-169,-8,-322,20
255,847,-24,-73,-327,-49,-327,21
256,846,-178,-229,-96,303,327,20
257,834,55,-106,127,2,106,20
258,845,-78,-47,28,8,247,20
259,846,-218,327,225,-327,296,20
260,846,-128,-94,9,-327,-327,21
261,845,-218,87,7,120,-327,20
262,846,-26,-6,-306,-78,7,20
263,834,-132,53,-327,-327,-327,20
264,845,-164,-4,-276,142,327,20
265,847,-117,170,-3,-50,327,20
266,844,-260,241,179,-16,327,20
267,844,-286,-27,133,-140,-327,21
268,841,-177,25,98,-79,-151,20
269,846,-93,124,203,-74,327,20
270,842,-107,-15,47,-275,-327,21
271,843,-5,-39,149,-327,327,20
272,856,-35,-61,55,240,-96,20
273,842,-203,-79,327,-327,327,21
274,843,-9,-26,153,41,-128,20
275,844,-12,-25,172,-22,38,20
276,845,-8,-25,174,-2,-13,20
277,842,-327,-254,238,327,-327,20
278,838,-306,-68,126,327,327,20
279,844,-267,-34,104,327,104,21
280,830,-113,-21,73,327,-327,20
281,836,-104,-106,28,59,-52,20
282,843,-143,-134,74,-314,48,20
283,893,-170,-155,34,-156,-231,20
284,849,-16,-133,64,-18,-41,20
285,825,-72,-54,33,306,21,21
286,852,-162,-75,45,-202,255,20
287,843,-327,-51,327,327,327,20
288,841,-124,27,72,-139,211,20
289,843,3,-119,130,327,122,20
290,845,-14,113,-83,-17,-2,20
291,843,-13,113,-80,-7,0,20
292,849,-12,114,-81,-8,-1,20
293,826,-12,115,-80,-8,-1,20
294,862,-12,114,-79,-6,0,20
295,881,-13,114,-79,-8,0,21
296,810,-13,114,-79,-7,-1,20
297,820,-11,115,-81,-7,0,20
298,756,-11,116,-81,-8,0,20
299,681,-13,115,-81,-6,0,21
300,713,-12,115,-80,-7,-1,20
301,856,-12,114,-81,-7,-1,20
302,837,-13,115,-80,-8,0,21
303,861,-12,115,-81,-7,-1,20
304,882,-13,115,-80,-7,0,20
305,867,-14,114,-79,-7,-1,20
306,813,-13,114,-80,-7,-1,20
307,854,-13,115,-80,-7,-1,20
308,846,-12,114,-82,-7,0,20
309,844,-12,114,-80,-7,-1,20
310,845,-12,115,-80,-7,-1,20
311,843,-12,114,-80,-8,0,20
312,902,-14,113,-81,-7,-1,20
313,875,-12,114,-79,-7,-1,20
314,818,-12,115,-82,-7,0,20
315,923,-13,114,-80,-7,-1,20
316,818,-12,113,-81,-7,0,20
317,852,-12,114,-82,-7,-1,20
318,840,-12,114,-81,-8,-1,20
319,867,-12,114,-78,-9,0,20
320,848,-6,112,-83,-9,0,21
321,858,-15,115,-85,-11,-1,20
322,859,-11,104,-100,-21,-55,20
323,843,-13,116,-79,-8,0,20
324,850,-12,113,-82,-8,0,20
325,825,-12,115,-80,-8,-1,20
326,854,-12,114,-81,-7,-1,20
327,833,-12,114,-81,-8,-1,20
328,852,-13,114,-79,-8,-1,21
329,842,-12,113,-80,-7,-1,21
330,744,-12,115,-79,-8,0,20
331,742,-13,114,-81,-8,0,20
332,701,-13,114,-79,-8,-1,20
333,646,-12,115,-81,-7,0,20
334,797,-12,115,-81,-8,-1,20
335,892,-104,194,-89,-24,-57,20
336,876,-11,115,-77,-7,0,20
337,855,-13,115,-80,-8,-1,20
338,864,-14,115,-79,-7,-1,20
339,859,-13,115,-81,-8,0,20
340,858,-12,115,-80,-8,0,20
341,859,-12,115,-81,-7,-1,20
342,859,-13,114,-78,-8,-1,20
343,858,-12,116,-83,-8,0,20
344,857,-12,115,-79,-8,0,21
345,859,-13,114,-81,-8,-1,20
346,858,-12,114,-79,-8,0,20
347,860,-13,114,-81,-7,0,20
348,857,-12,116,-81,-8,-1,21
349,859,-14,115,-80,-8,-1,20
350,857,-13,115,-80,-8,-1,20
351,858,-12,116,-80,-8,0,20
352,857,-12,115,-81,-8,0,20
353,858,-14,114,-80,-8,-1,20
354,859,-13,115,-81,-8,-1,20
355,847,-13,115,-81,-8,-1,20
356,857,-12,115,-80,-7,-1,20
357,856,-12,114,-82,-8,0,20
358,862,-12,115,-79,-8,0,21
359,860,-12,114,-81,-8,-1,20
360,854,-13,114,-79,-8,0,21
361,857,-12,113,-82,-7,0,20
362,857,-13,116,-79,-8,-1,20
